v4
Saving sea lion coordinates to .\outdir\coords_v4.csv 0       (62, 12, 486, 42, 344)  [62, 12, 486, 42, 344]  [0 0 0 0 0]
1       (2, 20, 0, 12, 0)       [2, 20, 0, 12, 0]       [0 0 0 0 0]
2       (2, 0, 37, 19, 0)       [2, 0, 37, 19, 0]       [0 0 0 0 0]
4       (6, 9, 2, 0, 0) [6, 9, 2, 0, 0] [0 0 0 0 0]
5       (6, 4, 14, 4, 19)       [6, 4, 14, 4, 19]       [0 0 0 0 0]
6       (2, 5, 20, 18, 0)       [2, 5, 20, 18, 0]       [0 0 0 0 0]
( Bad train image -- exceeds MAX_AVG_DIFF: 7 ) 8       (9, 5, 76, 4, 51)       [9, 5, 76, 4, 51]       [0 0 0 0 0]
10      (5, 4, 7, 5, 0) [5, 4, 7, 5, 0] [0 0 0 0 0]
11      (3, 5, 36, 13, 0)       [3, 5, 36, 13, 0]       [0 0 0 0 0]
12      (8, 9, 13, 1, 7)        [8, 9, 13, 1, 7]        [0 0 0 0 0]
13      (1, 5, 20, 13, 0)       [1, 5, 20, 13, 0]       [0 0 0 0 0]
14      (1, 1, 0, 27, 0)        [1, 1, 0, 27, 0]        [0 0 0 0 0]
15      (2, 3, 33, 56, 0)       [2, 3, 33, 56, 0]       [0 0 0 0 0]
16      (1, 1, 32, 35, 0)       [1, 1, 32, 35, 0]       [0 0 0 0 0]
17      (4, 4, 60, 18, 0)       [4, 4, 60, 18, 0]       [0 0 0 0 0]
18      (2, 3, 0, 0, 0) [2, 3, 0, 0, 0] [0 0 0 0 0]
19      (7, 3, 34, 24, 1)       [7, 3, 34, 24, 1]       [0 0 0 0 0]
20      (7, 21, 31, 4, 1)       [7, 21, 31, 4, 1]       [0 0 0 0 0]
22      (1, 1, 0, 5, 0) [1, 1, 0, 5, 0] [0 0 0 0 0]
23      (1, 0, 1, 6, 0) [1, 0, 1, 6, 0] [0 0 0 0 0]
24      (4, 2, 0, 0, 0) [4, 2, 0, 0, 0] [0 0 0 0 0]
25      (1, 2, 0, 0, 0) [1, 2, 0, 0, 0] [0 0 0 0 0]
26      (0, 8, 0, 4, 0) [0, 8, 0, 4, 0] [0 0 0 0 0]
27      (1, 4, 0, 8, 0) [1, 4, 0, 8, 0] [0 0 0 0 0]
28      (2, 0, 0, 0, 0) [2, 0, 0, 0, 0] [0 0 0 0 0]
29      (4, 4, 44, 15, 0)       [4, 4, 44, 15, 0]       [0 0 0 0 0]
31      (3, 2, 20, 76, 1)       [3, 2, 20, 76, 1]       [0 0 0 0 0]
32      (18, 6, 159, 18, 111)   [18, 6, 159, 18, 111]   [0 0 0 0 0]
33      (0, 1, 18, 8, 0)        [0, 1, 18, 8, 0]        [0 0 0 0 0]
35      (4, 1, 0, 0, 0) [4, 1, 0, 0, 0] [0 0 0 0 0]
36      (8, 17, 0, 0, 0)        [8, 17, 0, 0, 0]        [0 0 0 0 0]
37      (1, 2, 5, 0, 0) [1, 2, 5, 0, 0] [0 0 0 0 0]
38      (3, 0, 33, 0, 0)        [3, 0, 33, 0, 0]        [0 0 0 0 0]
39      (10, 14, 62, 10, 15)    [10, 14, 62, 10, 15]    [0 0 0 0 0]
40      (2, 2, 62, 7, 0)        [2, 2, 62, 7, 0]        [0 0 0 0 0]
41      (15, 0, 85, 18, 59)     [15, 0, 85, 18, 59]     [0 0 0 0 0]
42      (7, 4, 10, 1, 0)        [7, 4, 10, 1, 0]        [0 0 0 0 0]
43      (28, 4, 338, 47, 189)   [28, 4, 338, 47, 189]   [0 0 0 0 0]
44      (3, 2, 25, 15, 0)       [3, 2, 25, 15, 0]       [0 0 0 0 0]
45      (4, 7, 100, 27, 0)      [4, 7, 100, 27, 0]      [0 0 0 0 0]
46      (1, 4, 0, 0, 0) [1, 4, 0, 0, 0] [0 0 0 0 0]
47      (13, 14, 48, 3, 33)     [13, 14, 48, 3, 33]     [0 0 0 0 0]
48      (5, 10, 66, 24, 0)      [5, 10, 66, 24, 0]      [0 0 0 0 0]
49      (0, 0, 4, 15, 0)        [0, 0, 4, 15, 0]        [0 0 0 0 0]
50      (1, 0, 0, 0, 0) [1, 0, 0, 0, 0] [0 0 0 0 0]
51      (9, 13, 10, 35, 0)      [9, 13, 10, 35, 0]      [0 0 0 0 0]
52      (2, 3, 20, 23, 0)       [2, 3, 20, 23, 0]       [0 0 0 0 0]
53      (2, 1, 15, 6, 0)        [2, 1, 15, 6, 0]        [0 0 0 0 0]
54      (2, 5, 22, 26, 0)       [2, 5, 22, 26, 0]       [0 0 0 0 0]
55      (6, 2, 59, 74, 0)       [6, 2, 59, 74, 0]       [0 0 0 0 0]
56      (9, 3, 91, 5, 93)       [9, 3, 91, 5, 93]       [0 0 0 0 0]
57      (2, 1, 0, 0, 0) [2, 1, 0, 0, 0] [0 0 0 0 0]
58      (36, 17, 143, 71, 145)  [38, 17, 143, 71, 145]  [-2  0  0  0  0]
59      (6, 4, 16, 55, 1)       [6, 4, 16, 55, 1]       [0 0 0 0 0]
60      (5, 4, 0, 0, 0) [5, 4, 0, 0, 0] [0 0 0 0 0]
61      (0, 0, 1, 0, 0) [0, 0, 1, 0, 0] [0 0 0 0 0]
62      (6, 2, 222, 28, 1)      [6, 2, 221, 28, 1]      [0 0 1 0 0]
63      (7, 22, 58, 15, 60)     [7, 22, 58, 15, 59]     [0 0 0 0 1]
64      (5, 5, 6, 0, 0) [5, 5, 6, 0, 0] [0 0 0 0 0]
65      (29, 8, 267, 14, 270)   [29, 8, 267, 14, 270]   [0 0 0 0 0]
66      (8, 5, 23, 17, 2)       [9, 5, 23, 17, 2]       [-1  0  0  0  0]
67      (10, 7, 30, 4, 26)      [9, 3, 30, 4, 25]       [1 4 0 0 1]
68      (4, 3, 3, 0, 0) [4, 3, 3, 0, 0] [0 0 0 0 0]
69      (4, 2, 46, 31, 14)      [4, 2, 46, 31, 14]      [0 0 0 0 0]
70      (9, 11, 15, 636, 0)     [9, 11, 15, 636, 0]     [0 0 0 0 0]
72      (13, 3, 56, 37, 20)     [13, 3, 56, 37, 20]     [0 0 0 0 0]
73      (3, 0, 20, 6, 8)        [3, 0, 20, 6, 7]        [0 0 0 0 1]
74      (1, 2, 0, 4, 0) [1, 2, 0, 4, 0] [0 0 0 0 0]
75      (3, 1, 0, 34, 0)        [3, 1, 0, 34, 0]        [0 0 0 0 0]
76      (5, 3, 0, 0, 0) [5, 3, 0, 0, 0] [0 0 0 0 0]
77      (20, 11, 136, 37, 84)   [19, 11, 136, 37, 83]   [1 0 0 0 1]
78      (2, 2, 6, 0, 5) [1, 2, 6, 0, 5] [1 0 0 0 0]
79      (11, 5, 37, 0, 26)      [11, 5, 37, 0, 26]      [0 0 0 0 0]
80      (0, 12, 0, 19, 0)       [0, 11, 1, 19, 0]       [ 0  1 -1  0  0]
82      (0, 0, 37, 17, 0)       [0, 0, 37, 17, 0]       [0 0 0 0 0]
83      (5, 2, 44, 41, 0)       [5, 2, 44, 41, 0]       [0 0 0 0 0]
84      (1, 1, 0, 12, 0)        [1, 1, 0, 12, 0]        [0 0 0 0 0]
85      (0, 1, 0, 0, 0) [0, 1, 0, 0, 0] [0 0 0 0 0]
86      (2, 2, 4, 2, 2) [2, 2, 4, 2, 2] [0 0 0 0 0]
87      (7, 1, 43, 16, 0)       [7, 1, 41, 16, 0]       [0 0 2 0 0]
88      (1, 2, 1, 24, 0)        [1, 2, 1, 24, 0]        [0 0 0 0 0]
90      (1, 0, 17, 12, 0)       [1, 0, 17, 12, 0]       [0 0 0 0 0]
91      (17, 0, 229, 1, 157)    [17, 0, 229, 1, 156]    [0 0 0 0 1]
92      (3, 5, 1, 1, 1) [3, 5, 1, 1, 1] [0 0 0 0 0]
93      (24, 21, 144, 99, 62)   [23, 21, 144, 100, 62]  [ 1  0  0 -1  0]
94      (4, 4, 17, 0, 0)        [4, 4, 17, 0, 0]        [0 0 0 0 0]
95      (5, 0, 19, 58, 0)       [5, 0, 19, 58, 0]       [0 0 0 0 0]
96      (9, 3, 167, 5, 0)       [9, 3, 167, 5, 0]       [0 0 0 0 0]
98      (0, 6, 0, 0, 0) [0, 6, 0, 0, 0] [0 0 0 0 0]
99      (3, 1, 13, 68, 0)       [3, 1, 11, 68, 0]       [0 0 2 0 0]
100     (12, 3, 50, 4, 27)      [12, 3, 50, 3, 27]      [0 0 0 1 0]
101     (10, 0, 85, 56, 0)      [10, 0, 85, 56, 0]      [0 0 0 0 0]
102     (13, 0, 92, 3, 73)      [13, 0, 92, 3, 73]      [0 0 0 0 0]
103     (3, 0, 0, 0, 0) [3, 0, 0, 0, 0] [0 0 0 0 0]
104     (3, 3, 38, 43, 0)       [3, 3, 38, 42, 0]       [0 0 0 1 0]
105     (2, 0, 33, 17, 3)       [2, 0, 32, 13, 3]       [0 0 1 4 0]
106     (0, 4, 0, 5, 0) [0, 4, 0, 5, 0] [0 0 0 0 0]
107     (7, 11, 3, 1, 2)        [7, 11, 3, 1, 2]        [0 0 0 0 0]
108     (4, 4, 0, 3, 0) [3, 4, 0, 3, 0] [1 0 0 0 0]
109     (4, 2, 35, 4, 27)       [4, 2, 35, 4, 27]       [0 0 0 0 0]
110     (16, 8, 95, 13, 80)     [16, 8, 95, 13, 78]     [0 0 0 0 2]
111     (23, 9, 123, 40, 80)    [23, 9, 123, 40, 80]    [0 0 0 0 0]
112     (11, 20, 387, 190, 0)   [11, 20, 387, 190, 0]   [0 0 0 0 0]
113     (0, 9, 10, 3, 0)        [0, 9, 10, 3, 0]        [0 0 0 0 0]
114     (5, 7, 12, 0, 9)        [5, 7, 12, 0, 9]        [0 0 0 0 0]
115     (0, 13, 0, 4, 0)        [0, 13, 0, 4, 0]        [0 0 0 0 0]
116     (0, 0, 4, 9, 0) [0, 0, 4, 9, 0] [0 0 0 0 0]
117     (0, 1, 1, 0, 0) [0, 1, 1, 0, 0] [0 0 0 0 0]
118     (1, 1, 10, 43, 0)       [1, 1, 10, 43, 0]       [0 0 0 0 0]
119     (7, 7, 19, 2, 11)       [7, 7, 19, 2, 11]       [0 0 0 0 0]
120     (2, 0, 5, 1, 3) [2, 0, 5, 1, 3] [0 0 0 0 0]
121     (6, 1, 90, 7, 67)       [6, 1, 90, 7, 67]       [0 0 0 0 0]
122     (11, 43, 40, 15, 0)     [11, 43, 37, 13, 0]     [0 0 3 2 0]
123     (0, 0, 1, 0, 0) [0, 0, 1, 0, 0] [0 0 0 0 0]
124     (19, 8, 104, 84, 46)    [19, 8, 104, 84, 46]    [0 0 0 0 0]
125     (6, 1, 36, 29, 8)       [6, 1, 36, 29, 8]       [0 0 0 0 0]
126     (35, 14, 127, 7, 117)   [35, 14, 127, 7, 117]   [0 0 0 0 0]
127     (1, 10, 15, 65, 0)      [1, 9, 15, 64, 0]       [0 1 0 1 0]
128     (11, 22, 53, 43, 0)     [11, 22, 53, 43, 0]     [0 0 0 0 0]
129     (0, 3, 0, 43, 0)        [0, 3, 0, 36, 0]        [0 0 0 7 0]
130     (13, 30, 43, 17, 0)     [13, 30, 43, 17, 0]     [0 0 0 0 0]
131     (5, 11, 25, 73, 2)      [5, 11, 25, 73, 2]      [0 0 0 0 0]
132     (2, 2, 0, 0, 0) [2, 2, 0, 0, 0] [0 0 0 0 0]
133     (1, 1, 2, 2, 0) [1, 1, 2, 2, 0] [0 0 0 0 0]
134     (3, 2, 15, 7, 0)        [3, 2, 14, 6, 0]        [0 0 1 1 0]
135     (1, 0, 10, 4, 0)        [1, 0, 10, 4, 0]        [0 0 0 0 0]
136     (1, 9, 3, 22, 0)        [1, 9, 3, 21, 0]        [0 0 0 1 0]
137     (6, 3, 0, 0, 0) [6, 3, 0, 0, 0] [0 0 0 0 0]
138     (1, 0, 25, 12, 0)       [1, 0, 25, 12, 0]       [0 0 0 0 0]
139     (2, 4, 9, 0, 8) [2, 4, 9, 0, 8] [0 0 0 0 0]
140     (1, 2, 0, 0, 0) [1, 2, 0, 0, 0] [0 0 0 0 0]
141     (5, 28, 0, 16, 0)       [5, 28, 0, 16, 0]       [0 0 0 0 0]
142     (1, 1, 3, 5, 0) [1, 1, 3, 5, 0] [0 0 0 0 0]
143     (0, 1, 0, 0, 0) [0, 1, 0, 0, 0] [0 0 0 0 0]
144     (8, 0, 18, 0, 20)       [8, 0, 18, 0, 20]       [0 0 0 0 0]
145     (4, 9, 60, 70, 0)       [4, 9, 60, 70, 0]       [0 0 0 0 0]
146     (4, 1, 25, 23, 5)       [4, 1, 24, 23, 5]       [0 0 1 0 0]
147     (6, 4, 44, 4, 26)       [6, 4, 44, 4, 26]       [0 0 0 0 0]
148     (0, 3, 0, 5, 0) [0, 3, 0, 5, 0] [0 0 0 0 0]
149     (2, 5, 0, 2, 0) [2, 5, 0, 2, 0] [0 0 0 0 0]
150     (0, 2, 0, 0, 0) [0, 2, 0, 0, 0] [0 0 0 0 0]
152     (5, 4, 0, 0, 0) [5, 4, 0, 0, 0] [0 0 0 0 0]
153     (12, 27, 0, 0, 0)       [12, 27, 0, 0, 0]       [0 0 0 0 0]
154     (6, 13, 62, 25, 0)      [6, 13, 62, 25, 0]      [0 0 0 0 0]
155     (23, 11, 114, 5, 65)    [23, 11, 114, 5, 64]    [0 0 0 0 1]
156     (2, 1, 11, 0, 0)        [2, 1, 11, 0, 0]        [0 0 0 0 0]
157     (1, 1, 15, 0, 0)        [1, 1, 15, 0, 0]        [0 0 0 0 0]
158     (20, 0, 90, 3, 87)      [20, 0, 90, 3, 87]      [0 0 0 0 0]
159     (0, 6, 0, 0, 0) [0, 6, 0, 0, 0] [0 0 0 0 0]
160     (12, 5, 199, 65, 30)    [12, 5, 199, 65, 30]    [0 0 0 0 0]
161     (2, 5, 5, 0, 0) [2, 5, 5, 0, 0] [0 0 0 0 0]
162     (4, 1, 58, 37, 0)       [4, 1, 58, 37, 0]       [0 0 0 0 0]
163     (11, 8, 89, 15, 72)     [11, 8, 89, 15, 72]     [0 0 0 0 0]
164     (32, 15, 248, 14, 169)  [32, 15, 248, 14, 169]  [0 0 0 0 0]
165     (2, 5, 4, 3, 0) [2, 5, 4, 3, 0] [0 0 0 0 0]
166     (5, 5, 56, 25, 0)       [5, 5, 56, 25, 0]       [0 0 0 0 0]
167     (1, 0, 0, 0, 0) [1, 0, 0, 0, 0] [0 0 0 0 0]
168     (6, 4, 5, 101, 0)       [6, 4, 5, 101, 0]       [0 0 0 0 0]
169     (4, 2, 35, 14, 11)      [4, 2, 35, 14, 11]      [0 0 0 0 0]
170     (10, 0, 82, 4, 68)      [11, 0, 81, 4, 67]      [-1  0  1  0  1]
171     (0, 23, 3, 37, 0)       [0, 23, 3, 37, 0]       [0 0 0 0 0]
172     (2, 0, 6, 23, 0)        [2, 0, 6, 23, 0]        [0 0 0 0 0]
173     (4, 0, 6, 6, 0) [4, 0, 6, 6, 0] [0 0 0 0 0]
174     (4, 0, 35, 0, 29)       [4, 0, 34, 0, 29]       [0 0 1 0 0]
175     (2, 1, 4, 18, 0)        [2, 0, 4, 17, 0]        [0 1 0 1 0]
176     (17, 9, 92, 6, 56)      [17, 9, 92, 6, 56]      [0 0 0 0 0]
177     (2, 10, 0, 8, 0)        [2, 10, 0, 8, 0]        [0 0 0 0 0]
178     (2, 0, 2, 2, 0) [2, 0, 1, 0, 0] [0 0 1 2 0]
179     (2, 5, 0, 1, 0) [0, 5, 0, 1, 0] [2 0 0 0 0]
180     (3, 1, 7, 4, 0) [3, 1, 7, 4, 0] [0 0 0 0 0]
181     (6, 6, 49, 38, 2)       [6, 6, 48, 37, 2]       [0 0 1 1 0]
182     (1, 2, 13, 10, 0)       [1, 2, 13, 10, 0]       [0 0 0 0 0]
183     (6, 7, 31, 28, 0)       [6, 7, 31, 28, 0]       [0 0 0 0 0]
185     (8, 1, 13, 0, 8)        [8, 1, 13, 0, 8]        [0 0 0 0 0]
186     (3, 5, 112, 146, 0)     [3, 4, 111, 146, 0]     [0 1 1 0 0]
187     (56, 14, 592, 8, 434)   [54, 14, 592, 8, 434]   [2 0 0 0 0]
188     (1, 3, 10, 19, 0)       [1, 3, 10, 19, 0]       [0 0 0 0 0]
189     (64, 40, 382, 23, 135)  [64, 40, 382, 23, 135]  [0 0 0 0 0]
190     (1, 0, 2, 6, 0) [1, 0, 2, 6, 0] [0 0 0 0 0]
191     (1, 5, 0, 0, 0) [1, 5, 0, 0, 0] [0 0 0 0 0]
192     (1, 0, 0, 0, 0) [1, 0, 0, 0, 0] [0 0 0 0 0]
193     (2, 1, 29, 15, 0)       [2, 1, 29, 15, 0]       [0 0 0 0 0]
194     (1, 0, 0, 0, 0) [1, 0, 0, 0, 0] [0 0 0 0 0]
195     (4, 0, 63, 24, 0)       [4, 0, 63, 24, 0]       [0 0 0 0 0]
196     (12, 8, 106, 11, 64)    [12, 8, 106, 11, 64]    [0 0 0 0 0]
197     (7, 3, 79, 6, 62)       [7, 3, 80, 6, 62]       [ 0  0 -1  0  0]
198     (3, 2, 0, 0, 0) [3, 2, 0, 0, 0] [0 0 0 0 0]
199     (1, 0, 0, 0, 0) [1, 0, 0, 0, 0] [0 0 0 0 0]
200     (12, 3, 55, 2, 29)      [12, 3, 55, 2, 29]      [0 0 0 0 0]
201     (9, 2, 44, 13, 33)      [9, 2, 44, 13, 33]      [0 0 0 0 0]
202     (3, 0, 11, 23, 0)       [3, 0, 11, 23, 0]       [0 0 0 0 0]
203     (8, 8, 43, 59, 2)       [8, 8, 43, 59, 2]       [0 0 0 0 0]
204     (4, 8, 1, 6, 1) [4, 8, 1, 6, 1] [0 0 0 0 0]
205     (14, 1, 135, 10, 68)    [14, 1, 135, 10, 68]    [0 0 0 0 0]
206     (0, 5, 1, 19, 1)        [0, 5, 1, 19, 1]        [0 0 0 0 0]
207     (1, 1, 3, 4, 0) [0, 2, 0, 2, 0] [ 1 -1  3  2  0]
208     (4, 3, 0, 0, 0) [4, 3, 0, 0, 0] [0 0 0 0 0]
209     (4, 9, 0, 1, 0) [4, 9, 0, 1, 0] [0 0 0 0 0]
210     (2, 9, 1, 15, 0)        [2, 9, 1, 15, 0]        [0 0 0 0 0]
211     (19, 5, 185, 20, 243)   [19, 4, 185, 20, 243]   [0 1 0 0 0]
212     (4, 6, 16, 0, 0)        [4, 6, 16, 0, 0]        [0 0 0 0 0]
213     (11, 12, 26, 44, 6)     [11, 12, 26, 44, 6]     [0 0 0 0 0]
214     (6, 0, 18, 5, 5)        [4, 0, 18, 5, 5]        [2 0 0 0 0]
215     (0, 4, 0, 0, 0) [0, 4, 0, 0, 0] [0 0 0 0 0]
216     (6, 0, 29, 0, 33)       [5, 0, 28, 0, 33]       [1 0 1 0 0]
217     (16, 4, 140, 12, 142)   [16, 4, 140, 12, 142]   [0 0 0 0 0]
218     (0, 2, 1, 1, 1) [0, 2, 0, 1, 0] [0 0 1 0 1]
219     (11, 7, 37, 39, 0)      [11, 7, 37, 39, 0]      [0 0 0 0 0]
220     (0, 1, 0, 0, 0) [0, 1, 0, 0, 0] [0 0 0 0 0]
221     (6, 1, 26, 9, 2)        [6, 1, 26, 9, 2]        [0 0 0 0 0]
222     (2, 0, 0, 0, 0) [2, 0, 0, 0, 0] [0 0 0 0 0]
223     (0, 0, 1, 0, 0) [0, 0, 1, 0, 0] [0 0 0 0 0]
224     (12, 1, 58, 3, 68)      [12, 1, 58, 3, 68]      [0 0 0 0 0]
225     (0, 1, 22, 6, 0)        [0, 1, 22, 6, 0]        [0 0 0 0 0]
226     (17, 8, 207, 3, 144)    [17, 8, 207, 3, 144]    [0 0 0 0 0]
227     (5, 1, 52, 111, 0)      [5, 1, 52, 111, 0]      [0 0 0 0 0]
228     (1, 9, 61, 38, 0)       [1, 9, 61, 38, 0]       [0 0 0 0 0]
229     (1, 1, 0, 1, 0) [1, 1, 0, 1, 0] [0 0 0 0 0]
230     (0, 0, 16, 5, 0)        [0, 0, 16, 5, 0]        [0 0 0 0 0]
231     (7, 4, 7, 1, 1) [7, 4, 7, 1, 1] [0 0 0 0 0]
232     (9, 2, 21, 1, 16)       [9, 2, 21, 1, 16]       [0 0 0 0 0]
233     (1, 0, 0, 0, 0) [1, 0, 0, 0, 0] [0 0 0 0 0]
235     (31, 3, 278, 99, 135)   [29, 3, 277, 99, 135]   [2 0 1 0 0]
236     (3, 0, 29, 44, 0)       [3, 0, 29, 44, 0]       [0 0 0 0 0]
237     (0, 1, 29, 38, 0)       [0, 1, 29, 38, 0]       [0 0 0 0 0]
238     (3, 3, 8, 1, 3) [3, 3, 8, 1, 3] [0 0 0 0 0]
239     (4, 10, 8, 17, 0)       [4, 10, 8, 17, 0]       [0 0 0 0 0]
240     (25, 11, 160, 23, 114)  [25, 8, 161, 23, 113]   [ 0  3 -1  0  1]
241     (3, 0, 101, 54, 0)      [3, 0, 101, 54, 0]      [0 0 0 0 0]
243     (4, 0, 0, 0, 0) [4, 0, 0, 0, 0] [0 0 0 0 0]
244     (1, 1, 3, 13, 0)        [1, 1, 3, 13, 0]        [0 0 0 0 0]
245     (7, 2, 74, 29, 8)       [7, 2, 74, 29, 8]       [0 0 0 0 0]
246     (5, 3, 24, 31, 1)       [5, 3, 24, 31, 1]       [0 0 0 0 0]
247     (3, 1, 34, 18, 0)       [3, 1, 34, 18, 0]       [0 0 0 0 0]
248     (4, 0, 64, 34, 0)       [4, 0, 64, 34, 0]       [0 0 0 0 0]
249     (4, 8, 13, 38, 0)       [4, 8, 13, 38, 0]       [0 0 0 0 0]
250     (2, 4, 2, 0, 0) [2, 4, 2, 0, 0] [0 0 0 0 0]
251     (1, 0, 5, 31, 0)        [1, 0, 5, 31, 0]        [0 0 0 0 0]
252     (23, 4, 105, 15, 67)    [21, 2, 105, 15, 67]    [2 2 0 0 0]
253     (2, 0, 0, 0, 0) [2, 0, 0, 0, 0] [0 0 0 0 0]
254     (2, 9, 7, 1, 6) [2, 9, 7, 1, 6] [0 0 0 0 0]
255     (0, 3, 0, 0, 0) [0, 3, 0, 0, 0] [0 0 0 0 0]
256     (15, 0, 92, 54, 59)     [15, 0, 92, 53, 59]     [0 0 0 1 0]
257     (1, 11, 23, 53, 9)      [1, 11, 23, 53, 9]      [0 0 0 0 0]
258     (19, 11, 350, 266, 1)   [19, 11, 350, 265, 1]   [0 0 0 1 0]
259     (3, 3, 32, 20, 0)       [3, 3, 32, 20, 0]       [0 0 0 0 0]
260     (3, 1, 8, 51, 0)        [3, 1, 8, 51, 0]        [0 0 0 0 0]
261     (3, 4, 29, 9, 2)        [3, 4, 29, 9, 2]        [0 0 0 0 0]
262     (3, 0, 34, 31, 5)       [3, 0, 34, 31, 5]       [0 0 0 0 0]
263     (12, 2, 57, 32, 23)     [12, 2, 57, 32, 23]     [0 0 0 0 0]
264     (0, 0, 3, 3, 0) [0, 0, 3, 3, 0] [0 0 0 0 0]
265     (1, 8, 0, 2, 0) [1, 5, 0, 0, 0] [0 3 0 2 0]
266     (4, 0, 39, 35, 0)       [4, 0, 39, 35, 0]       [0 0 0 0 0]
267     (14, 8, 62, 14, 44)     [14, 8, 62, 14, 44]     [0 0 0 0 0]
269     (3, 2, 0, 0, 0) [3, 2, 0, 0, 0] [0 0 0 0 0]
270     (3, 0, 21, 29, 0)       [3, 0, 21, 29, 0]       [0 0 0 0 0]
271     (30, 7, 289, 34, 217)   [30, 7, 288, 34, 217]   [0 0 1 0 0]
272     (0, 2, 0, 4, 0) [0, 2, 0, 4, 0] [0 0 0 0 0]
273     (14, 3, 296, 7, 250)    [14, 3, 296, 7, 250]    [0 0 0 0 0]
274     (1, 0, 0, 0, 0) [1, 0, 0, 0, 0] [0 0 0 0 0]
275     (0, 1, 25, 40, 0)       [0, 1, 25, 40, 0]       [0 0 0 0 0]
276     (6, 3, 37, 0, 0)        [6, 3, 37, 0, 0]        [0 0 0 0 0]
277     (5, 6, 68, 102, 0)      [5, 6, 68, 101, 0]      [0 0 0 1 0]
278     (5, 0, 18, 19, 2)       [5, 0, 18, 19, 2]       [0 0 0 0 0]
279     (1, 0, 8, 4, 0) [1, 0, 8, 4, 0] [0 0 0 0 0]
280     (12, 5, 19, 3, 29)      [12, 5, 19, 3, 29]      [0 0 0 0 0]
281     (3, 3, 51, 20, 0)       [3, 3, 51, 20, 0]       [0 0 0 0 0]
282     (0, 3, 3, 0, 0) [0, 3, 3, 0, 0] [0 0 0 0 0]
283     (4, 7, 26, 12, 0)       [4, 7, 26, 12, 0]       [0 0 0 0 0]
284     (2, 0, 16, 15, 0)       [2, 0, 16, 15, 0]       [0 0 0 0 0]
285     (0, 2, 0, 0, 0) [0, 2, 0, 0, 0] [0 0 0 0 0]
286     (2, 2, 0, 0, 0) [2, 2, 0, 0, 0] [0 0 0 0 0]
 (Adjusting exposure: 287 0.9314452824593217) 287     (10, 8, 1, 0, 0)        [10, 8, 1, 0, 0]        [0 0 0 0 0]
288     (4, 0, 12, 15, 1)       [4, 0, 12, 15, 1]       [0 0 0 0 0]
289     (0, 2, 38, 15, 0)       [0, 2, 38, 15, 0]       [0 0 0 0 0]
291     (39, 20, 275, 23, 237)  [39, 20, 275, 23, 237]  [0 0 0 0 0]
292     (5, 5, 49, 42, 1)       [5, 5, 49, 42, 1]       [0 0 0 0 0]
293     (6, 4, 38, 2, 33)       [6, 4, 38, 2, 31]       [0 0 0 0 2]
294     (1, 1, 2, 5, 0) [1, 1, 2, 5, 0] [0 0 0 0 0]
295     (16, 6, 51, 29, 26)     [16, 6, 51, 29, 26]     [0 0 0 0 0]
296     (1, 6, 0, 2, 0) [1, 6, 0, 2, 0] [0 0 0 0 0]
297     (3, 40, 24, 39, 0)      [3, 36, 24, 39, 0]      [0 4 0 0 0]
298     (22, 10, 172, 18, 184)  [22, 10, 172, 18, 183]  [0 0 0 0 1]
299     (27, 9, 209, 32, 55)    [27, 9, 209, 32, 55]    [0 0 0 0 0]
300     (6, 3, 7, 11, 0)        [6, 3, 7, 11, 0]        [0 0 0 0 0]
301     (6, 3, 67, 5, 35)       [6, 3, 67, 5, 35]       [0 0 0 0 0]
302     (1, 0, 0, 34, 0)        [1, 0, 0, 34, 0]        [0 0 0 0 0]
303     (1, 2, 0, 24, 0)        [1, 2, 0, 24, 0]        [0 0 0 0 0]
304     (2, 3, 0, 82, 0)        [2, 3, 0, 82, 0]        [0 0 0 0 0]
305     (1, 2, 3, 0, 0) [1, 2, 3, 0, 0] [0 0 0 0 0]
306     (14, 4, 71, 45, 17)     [14, 4, 71, 45, 17]     [0 0 0 0 0]
307     (8, 0, 17, 6, 17)       [8, 0, 17, 6, 17]       [0 0 0 0 0]
308     (0, 2, 4, 2, 0) [0, 2, 4, 2, 0] [0 0 0 0 0]
309     (5, 0, 61, 23, 9)       [5, 0, 61, 23, 8]       [0 0 0 0 1]
310     (4, 8, 95, 30, 0)       [4, 8, 95, 30, 0]       [0 0 0 0 0]
312     (1, 1, 21, 14, 0)       [1, 1, 21, 14, 0]       [0 0 0 0 0]
313     (5, 3, 83, 30, 0)       [5, 3, 83, 30, 0]       [0 0 0 0 0]
314     (1, 2, 0, 0, 0) [1, 2, 0, 0, 0] [0 0 0 0 0]
315     (1, 2, 0, 0, 0) [1, 2, 0, 0, 0] [0 0 0 0 0]
316     (5, 0, 0, 1, 0) [5, 0, 0, 1, 0] [0 0 0 0 0]
317     (1, 2, 34, 16, 0)       [1, 2, 34, 16, 0]       [0 0 0 0 0]
318     (2, 9, 33, 42, 1)       [2, 9, 33, 42, 1]       [0 0 0 0 0]
319     (17, 12, 145, 68, 49)   [17, 12, 145, 68, 49]   [0 0 0 0 0]
320     (16, 4, 227, 39, 11)    [16, 4, 227, 39, 11]    [0 0 0 0 0]
321     (2, 3, 0, 1, 0) [2, 3, 0, 1, 0] [0 0 0 0 0]
322     (8, 3, 63, 22, 10)      [8, 3, 63, 22, 10]      [0 0 0 0 0]
323     (2, 0, 1, 0, 1) [3, 0, 1, 0, 1] [-1  0  0  0  0]
324     (2, 3, 12, 33, 0)       [2, 3, 12, 33, 0]       [0 0 0 0 0]
325     (0, 2, 2, 80, 0)        [0, 2, 2, 79, 0]        [0 0 0 1 0]
326     (1, 3, 69, 80, 0)       [1, 3, 69, 80, 0]       [0 0 0 0 0]
327     (0, 2, 4, 0, 0) [0, 2, 4, 0, 0] [0 0 0 0 0]
328     (5, 4, 18, 5, 13)       [6, 4, 18, 4, 13]       [-1  0  0  1  0]
329     (18, 3, 72, 6, 49)      [18, 3, 72, 6, 49]      [0 0 0 0 0]
330     (1, 0, 25, 67, 0)       [1, 0, 25, 65, 0]       [0 0 0 2 0]
331     (6, 18, 10, 0, 0)       [6, 18, 10, 0, 0]       [0 0 0 0 0]
332     (10, 4, 57, 27, 21)     [10, 4, 57, 27, 21]     [0 0 0 0 0]
333     (0, 15, 0, 74, 0)       [0, 15, 0, 74, 0]       [0 0 0 0 0]
334     (9, 14, 21, 39, 9)      [9, 14, 21, 39, 9]      [0 0 0 0 0]
335     (6, 36, 18, 12, 0)      [6, 36, 18, 12, 0]      [0 0 0 0 0]
336     (10, 2, 77, 18, 27)     [10, 2, 77, 18, 27]     [0 0 0 0 0]
337     (0, 3, 4, 86, 0)        [0, 3, 4, 86, 0]        [0 0 0 0 0]
338     (36, 7, 275, 41, 249)   [37, 7, 275, 41, 248]   [-1  0  0  0  1]
339     (2, 2, 5, 0, 0) [2, 2, 5, 0, 0] [0 0 0 0 0]
340     (21, 4, 181, 23, 145)   [21, 4, 181, 23, 145]   [0 0 0 0 0]
341     (0, 1, 0, 1, 0) [0, 1, 0, 1, 0] [0 0 0 0 0]
342     (3, 0, 24, 16, 0)       [3, 0, 21, 16, 0]       [0 0 3 0 0]
343     (2, 1, 4, 2, 3) [2, 1, 4, 2, 3] [0 0 0 0 0]
344     (2, 0, 18, 10, 0)       [2, 0, 18, 10, 0]       [0 0 0 0 0]
345     (1, 0, 16, 2, 0)        [1, 0, 16, 2, 0]        [0 0 0 0 0]
346     (7, 1, 46, 39, 0)       [7, 1, 46, 39, 0]       [0 0 0 0 0]
347     (10, 55, 2, 23, 0)      [10, 55, 2, 23, 0]      [0 0 0 0 0]
348     (0, 2, 0, 17, 0)        [0, 2, 0, 17, 0]        [0 0 0 0 0]
349     (24, 29, 21, 11, 0)     [24, 29, 21, 11, 0]     [0 0 0 0 0]
350     (4, 13, 0, 0, 0)        [4, 13, 0, 0, 0]        [0 0 0 0 0]
351     (2, 0, 0, 0, 0) [1, 0, 0, 0, 0] [1 0 0 0 0]
352     (2, 1, 0, 0, 0) [2, 1, 0, 0, 0] [0 0 0 0 0]
353     (5, 4, 78, 29, 0)       [5, 4, 78, 29, 0]       [0 0 0 0 0]
354     (2, 1, 31, 4, 0)        [2, 1, 31, 4, 0]        [0 0 0 0 0]
355     (0, 4, 0, 1, 0) [0, 4, 0, 1, 0] [0 0 0 0 0]
356     (0, 0, 1, 0, 0) [0, 0, 1, 0, 0] [0 0 0 0 0]
357     (4, 1, 0, 0, 0) [4, 1, 0, 0, 0] [0 0 0 0 0]
358     (0, 3, 0, 38, 0)        [0, 3, 0, 38, 0]        [0 0 0 0 0]
359     (10, 4, 54, 12, 46)     [10, 4, 51, 12, 46]     [0 0 3 0 0]
360     (2, 4, 23, 77, 0)       [2, 4, 23, 77, 0]       [0 0 0 0 0]
361     (27, 1, 146, 38, 54)    [27, 1, 146, 38, 54]    [0 0 0 0 0]
362     (18, 1, 127, 5, 99)     [18, 1, 127, 4, 97]     [0 0 0 1 2]
363     (1, 7, 4, 53, 1)        [1, 7, 4, 53, 1]        [0 0 0 0 0]
364     (6, 0, 24, 0, 45)       [6, 0, 24, 0, 45]       [0 0 0 0 0]
365     (4, 7, 0, 0, 0) [3, 6, 0, 0, 0] [1 1 0 0 0]
366     (1, 1, 2, 2, 0) [1, 1, 2, 2, 0] [0 0 0 0 0]
367     (15, 4, 99, 4, 55)      [15, 4, 99, 4, 55]      [0 0 0 0 0]
368     (6, 0, 37, 3, 34)       [6, 0, 37, 3, 34]       [0 0 0 0 0]
369     (8, 43, 0, 24, 0)       [8, 41, 0, 24, 0]       [0 2 0 0 0]
370     (9, 4, 43, 7, 16)       [9, 4, 43, 7, 16]       [0 0 0 0 0]
371     (15, 2, 62, 5, 49)      [15, 2, 62, 5, 49]      [0 0 0 0 0]
372     (29, 6, 136, 33, 82)    [29, 6, 136, 33, 82]    [0 0 0 0 0]
373     (12, 6, 69, 54, 6)      [12, 6, 69, 54, 6]      [0 0 0 0 0]
374     (0, 0, 36, 43, 0)       [0, 0, 36, 43, 0]       [0 0 0 0 0]
375     (4, 0, 0, 0, 0) [3, 0, 0, 0, 0] [1 0 0 0 0]
376     (2, 3, 24, 4, 0)        [2, 3, 24, 4, 0]        [0 0 0 0 0]
377     (8, 5, 27, 2, 29)       [8, 5, 27, 2, 29]       [0 0 0 0 0]
378     (5, 1, 43, 1, 0)        [5, 1, 43, 1, 0]        [0 0 0 0 0]
379     (4, 7, 23, 45, 5)       [4, 7, 23, 45, 5]       [0 0 0 0 0]
381     (1, 0, 0, 0, 0) [1, 0, 0, 0, 0] [0 0 0 0 0]
382     (1, 0, 12, 22, 0)       [1, 0, 12, 21, 0]       [0 0 0 1 0]
383     (8, 10, 70, 124, 0)     [8, 8, 70, 124, 0]      [0 2 0 0 0]
385     (2, 2, 0, 1, 0) [2, 2, 0, 1, 0] [0 0 0 0 0]
386     (4, 3, 15, 8, 10)       [4, 1, 15, 8, 10]       [0 2 0 0 0]
387     (2, 0, 0, 0, 0) [2, 0, 0, 0, 0] [0 0 0 0 0]
388     (2, 0, 12, 24, 0)       [1, 0, 12, 24, 0]       [1 0 0 0 0]
389     (0, 1, 42, 14, 0)       [0, 1, 42, 14, 0]       [0 0 0 0 0]
390     (4, 5, 4, 2, 3) [4, 5, 4, 2, 3] [0 0 0 0 0]
391     (7, 3, 8, 0, 8) [7, 3, 8, 0, 8] [0 0 0 0 0]
392     (2, 0, 15, 19, 0)       [2, 0, 15, 19, 0]       [0 0 0 0 0]
393     (7, 6, 33, 2, 21)       [7, 6, 33, 2, 21]       [0 0 0 0 0]
394     (1, 6, 0, 0, 0) [1, 2, 0, 0, 0] [0 4 0 0 0]
395     (2, 1, 25, 16, 0)       [2, 0, 25, 15, 0]       [0 1 0 1 0]
396     (1, 11, 0, 2, 0)        [1, 11, 0, 2, 0]        [0 0 0 0 0]
397     (2, 1, 2, 0, 0) [2, 1, 2, 0, 0] [0 0 0 0 0]
398     (0, 7, 0, 11, 0)        [0, 4, 0, 11, 0]        [0 3 0 0 0]
399     (6, 13, 30, 70, 0)      [6, 13, 30, 70, 0]      [0 0 0 0 0]
400     (3, 1, 7, 0, 0) [3, 1, 7, 0, 0] [0 0 0 0 0]
401     (8, 8, 33, 32, 16)      [8, 8, 33, 32, 16]      [0 0 0 0 0]
402     (6, 11, 300, 71, 0)     [6, 11, 300, 71, 0]     [0 0 0 0 0]
403     (1, 17, 21, 195, 2)     [1, 17, 22, 195, 2]     [ 0  0 -1  0  0]
404     (2, 0, 12, 1, 6)        [2, 0, 12, 1, 6]        [0 0 0 0 0]
405     (1, 2, 4, 10, 0)        [1, 2, 4, 7, 0] [0 0 0 3 0]
 (Adjusting exposure: 406 0.6890628793416563) 406     (10, 12, 141, 47, 3)    [10, 12, 141, 47, 3]    [0 0 0 0 0]
407     (5, 2, 4, 0, 0) [5, 2, 4, 0, 0] [0 0 0 0 0]
408     (9, 5, 45, 2, 34)       [9, 5, 45, 2, 34]       [0 0 0 0 0]
409     (4, 0, 15, 7, 1)        [4, 0, 13, 6, 1]        [0 0 2 1 0]
410     (1, 3, 0, 0, 0) [1, 2, 0, 0, 0] [0 1 0 0 0]
411     (17, 0, 329, 345, 0)    [17, 0, 329, 345, 0]    [0 0 0 0 0]
412     (5, 13, 105, 61, 0)     [5, 7, 104, 61, 0]      [0 6 1 0 0]
413     (8, 2, 0, 0, 0) [8, 2, 0, 0, 0] [0 0 0 0 0]
414     (3, 7, 10, 13, 0)       [3, 7, 10, 13, 0]       [0 0 0 0 0]
415     (4, 0, 20, 2, 0)        [4, 0, 20, 2, 0]        [0 0 0 0 0]
416     (2, 34, 7, 341, 0)      [2, 34, 7, 340, 0]      [0 0 0 1 0]
417     (6, 2, 4, 0, 0) [6, 2, 4, 0, 0] [0 0 0 0 0]
418     (11, 6, 139, 150, 0)    [10, 6, 139, 150, 0]    [1 0 0 0 0]
419     (3, 1, 0, 0, 0) [3, 1, 0, 0, 0] [0 0 0 0 0]
420     (8, 6, 13, 4, 16)       [8, 6, 13, 4, 16]       [0 0 0 0 0]
421     (1, 3, 0, 0, 0) [1, 3, 0, 0, 0] [0 0 0 0 0]
422     (10, 0, 93, 19, 90)     [10, 0, 93, 19, 90]     [0 0 0 0 0]
423     (0, 4, 0, 4, 0) [0, 4, 0, 4, 0] [0 0 0 0 0]
424     (1, 0, 34, 18, 0)       [1, 0, 34, 18, 0]       [0 0 0 0 0]
425     (0, 1, 14, 16, 0)       [0, 1, 14, 16, 0]       [0 0 0 0 0]
426     (2, 6, 11, 42, 5)       [2, 6, 11, 42, 5]       [0 0 0 0 0]
427     (1, 3, 4, 28, 0)        [1, 3, 4, 28, 0]        [0 0 0 0 0]
428     (1, 0, 1, 1, 0) [1, 0, 1, 1, 0] [0 0 0 0 0]
429     (3, 18, 19, 25, 0)      [3, 18, 19, 25, 0]      [0 0 0 0 0]
430     (4, 0, 10, 6, 1)        [4, 0, 10, 6, 1]        [0 0 0 0 0]
431     (0, 2, 5, 8, 0) [0, 2, 5, 8, 0] [0 0 0 0 0]
432     (4, 8, 23, 23, 0)       [4, 8, 23, 23, 0]       [0 0 0 0 0]
433     (0, 3, 5, 41, 0)        [0, 3, 5, 43, 0]        [ 0  0  0 -2  0]
434     (7, 3, 21, 101, 0)      [7, 3, 21, 101, 0]      [0 0 0 0 0]
435     (0, 4, 1, 19, 0)        [0, 4, 1, 19, 0]        [0 0 0 0 0]
436     (2, 1, 0, 0, 0) [2, 1, 0, 0, 0] [0 0 0 0 0]
437     (36, 1, 215, 4, 192)    [30, 1, 218, 4, 192]    [ 6  0 -3  0  0]
438     (15, 6, 169, 0, 123)    [15, 6, 169, 0, 123]    [0 0 0 0 0]
439     (2, 3, 21, 16, 0)       [2, 3, 21, 16, 0]       [0 0 0 0 0]
440     (2, 13, 4, 7, 0)        [2, 13, 4, 7, 0]        [0 0 0 0 0]
441     (1, 0, 8, 16, 0)        [1, 0, 8, 15, 0]        [0 0 0 1 0]
442     (1, 2, 5, 23, 0)        [1, 2, 5, 23, 0]        [0 0 0 0 0]
443     (4, 1, 12, 35, 0)       [4, 1, 12, 35, 0]       [0 0 0 0 0]
444     (1, 4, 0, 0, 0) [1, 4, 0, 0, 0] [0 0 0 0 0]
445     (1, 0, 11, 16, 0)       [1, 0, 11, 16, 0]       [0 0 0 0 0]
446     (9, 1, 62, 19, 32)      [9, 1, 62, 19, 32]      [0 0 0 0 0]
447     (0, 4, 0, 2, 0) [0, 4, 0, 2, 0] [0 0 0 0 0]
448     (1, 1, 2, 1, 1) [1, 1, 2, 1, 1] [0 0 0 0 0]
449     (1, 6, 0, 0, 0) [1, 6, 0, 0, 0] [0 0 0 0 0]
450     (1, 0, 0, 0, 0) [1, 0, 0, 0, 0] [0 0 0 0 0]
451     (2, 3, 44, 29, 0)       [2, 3, 44, 29, 0]       [0 0 0 0 0]
452     (35, 7, 207, 9, 100)    [35, 7, 207, 9, 100]    [0 0 0 0 0]
453     (2, 1, 9, 20, 0)        [2, 1, 9, 20, 0]        [0 0 0 0 0]
454     (2, 5, 22, 35, 1)       [2, 5, 22, 35, 1]       [0 0 0 0 0]
455     (3, 0, 49, 17, 2)       [3, 0, 49, 17, 2]       [0 0 0 0 0]
456     (3, 3, 5, 0, 0) [3, 3, 5, 0, 0] [0 0 0 0 0]
457     (2, 1, 5, 13, 0)        [2, 1, 5, 13, 0]        [0 0 0 0 0]
458     (1, 9, 7, 6, 0) [1, 9, 7, 6, 0] [0 0 0 0 0]
459     (15, 7, 58, 3, 30)      [15, 7, 58, 3, 30]      [0 0 0 0 0]
460     (1, 1, 22, 21, 0)       [1, 1, 22, 20, 0]       [0 0 0 1 0]
461     (1, 2, 17, 40, 0)       [1, 2, 17, 40, 0]       [0 0 0 0 0]
462     (15, 6, 59, 6, 59)      [14, 6, 60, 6, 58]      [ 1  0 -1  0  1]
463     (6, 0, 57, 7, 7)        [6, 0, 57, 7, 7]        [0 0 0 0 0]
464     (0, 1, 0, 16, 0)        [0, 1, 0, 16, 0]        [0 0 0 0 0]
465     (10, 2, 94, 172, 0)     [10, 2, 94, 171, 0]     [0 0 0 1 0]
466     (3, 1, 9, 3, 7) [3, 1, 9, 3, 7] [0 0 0 0 0]
467     (1, 4, 0, 2, 0) [1, 4, 0, 0, 0] [0 0 0 2 0]
468     (8, 14, 39, 10, 0)      [8, 14, 39, 10, 0]      [0 0 0 0 0]
 (Adjusting exposure: 469 0.8914024667930894) 469     (0, 2, 8, 7, 0) [0, 2, 8, 7, 0] [0 0 0 0 0]
470     (0, 0, 1, 1, 0) [0, 0, 1, 1, 0] [0 0 0 0 0]
471     (4, 2, 7, 4, 0) [4, 2, 7, 4, 0] [0 0 0 0 0]
472     (6, 4, 45, 15, 0)       [6, 4, 45, 15, 0]       [0 0 0 0 0]
473     (2, 0, 19, 57, 0)       [2, 0, 19, 60, 0]       [ 0  0  0 -3  0]
474     (1, 2, 7, 26, 0)        [1, 2, 7, 26, 0]        [0 0 0 0 0]
 (Adjusting exposure: 475 1.073199024490876) 475     (3, 6, 61, 85, 0)       [3, 6, 64, 85, 0]       [ 0  0 -3  0  0]
476     (9, 0, 46, 39, 0)       [9, 0, 42, 39, 0]       [0 0 4 0 0]
477     (9, 5, 50, 16, 14)      [9, 5, 50, 16, 14]      [0 0 0 0 0]
478     (8, 9, 49, 13, 44)      [8, 9, 49, 13, 44]      [0 0 0 0 0]
479     (5, 4, 0, 0, 0) [5, 4, 0, 0, 0] [0 0 0 0 0]
480     (3, 2, 30, 9, 1)        [3, 2, 30, 9, 1]        [0 0 0 0 0]
481     (3, 2, 4, 45, 0)        [3, 2, 4, 45, 0]        [0 0 0 0 0]
482     (7, 1, 44, 7, 33)       [7, 1, 44, 6, 33]       [0 0 0 1 0]
483     (1, 3, 3, 31, 0)        [1, 2, 3, 30, 0]        [0 1 0 1 0]
484     (6, 40, 0, 5, 0)        [6, 40, 0, 5, 0]        [0 0 0 0 0]
485     (10, 6, 45, 35, 0)      [10, 6, 45, 35, 0]      [0 0 0 0 0]
486     (3, 2, 0, 1, 1) [3, 2, 0, 1, 1] [0 0 0 0 0]
487     (3, 1, 0, 0, 0) [3, 0, 0, 0, 0] [0 1 0 0 0]
488     (6, 11, 145, 78, 0)     [6, 11, 145, 78, 0]     [0 0 0 0 0]
489     (2, 0, 2, 16, 0)        [2, 0, 2, 16, 0]        [0 0 0 0 0]
491     (0, 1, 9, 4, 0) [0, 1, 9, 4, 0] [0 0 0 0 0]
492     (2, 1, 9, 21, 1)        [2, 1, 9, 21, 1]        [0 0 0 0 0]
493     (0, 21, 0, 65, 0)       [0, 21, 0, 65, 0]       [0 0 0 0 0]
494     (24, 44, 72, 19, 53)    [24, 44, 72, 19, 53]    [0 0 0 0 0]
495     (5, 0, 20, 2, 20)       [2, 0, 19, 2, 20]       [3 0 1 0 0]
496     (0, 2, 5, 0, 4) [0, 2, 5, 0, 4] [0 0 0 0 0]